shape_id,shape_pt_lat,shape_pt_lon,shape_pt_sequence,shape_dist_traveled
p_7782,32.73391,-96.61497,1,0
p_7782,32.73391,-96.61438,2,55.30230754
p_7782,32.73407,-96.61439,3,73.07100496
p_7782,32.73411,-96.61724,4,340.24556192
p_7782,32.73412,-96.61835,5,444.29455836
p_7782,32.73413,-96.61969,6,569.90100369
p_7782,32.73414,-96.62013,7,611.1582065900001
p_7782,32.73414,-96.6226,8,842.67744187
p_7782,32.73394,-96.6226,9,864.8573889
p_7782,32.73325,-96.62259,10,941.3839413600001
p_7782,32.73312,-96.62259,11,955.8009049600001
p_7782,32.73182,-96.62259,12,1099.9705245300001
p_7782,32.73127,-96.6226,13,1160.9725566200002
p_7782,32.73091,-96.62259,14,1200.9074448600002
p_7782,32.73034,-96.6226,15,1264.12720895
p_7782,32.72963,-96.62261,16,1342.87154931
p_7782,32.72883,-96.62262,17,1431.59622111
p_7782,32.72851,-96.62261,18,1467.09648384
p_7782,32.72725,-96.62262,19,1606.83315683
p_7782,32.72688,-96.62263,20,1647.8767192
p_7782,32.72611,-96.62264,21,1733.27455743
p_7782,32.72477,-96.62264,22,1881.8799984099999
p_7782,32.72478,-96.62123,23,2014.0612717899999
p_7782,32.72472,-96.6193,24,2195.1062498799997
p_7782,32.72472,-96.61627,25,2479.14554616
p_7782,32.72472,-96.6158,26,2523.2044468999998
p_7782,32.72395,-96.61579,27,2608.6022559099997
p_7782,32.72372,-96.61585,28,2634.72194009
p_7782,32.72349,-96.61594,29,2661.58796549
p_7782,32.72238,-96.61635,30,2790.54724813
p_7782,32.72081,-96.61693,31,2972.95184046
p_7782,32.72075,-96.61698,32,2981.09102445
p_7782,32.72067,-96.61705,33,2992.12619088
p_7782,32.72059,-96.61713,34,3003.74331689
p_7782,32.72037,-96.61756,35,3050.86277095
p_7782,32.72031,-96.61765,36,3061.6080976900002
p_7782,32.72023,-96.61774,37,3073.85140235
p_7782,32.72013,-96.61781,38,3086.73746858
p_7782,32.71999,-96.61789,39,3103.97989038
p_7782,32.71964,-96.61806,40,3145.9391611300002
p_7782,32.71945,-96.6181,41,3167.34113982
p_7782,32.71933,-96.6181,42,3180.6490769
p_7782,32.71933,-96.61777,43,3211.5859108100003
p_7782,32.71931,-96.6175,44,3236.9948597700004
p_7782,32.71932,-96.61739,45,3247.3665993500003
p_7782,32.71935,-96.61727,46,3259.0980042200003
p_7782,32.71935,-96.61579,47,3397.8449859300003
p_7782,32.71942,-96.61525,48,3449.06061557
p_7782,32.71945,-96.61492,49,3480.17579312
p_7782,32.71945,-96.61448,50,3521.42484975
p_7782,32.71942,-96.61407,51,3560.0051964299996
p_7782,32.71906,-96.61408,52,3599.9400120399996
p_7782,32.71859,-96.61411,53,3652.1385834099997
p_7782,32.71803,-96.61414,54,3714.30593023
p_7782,32.71627,-96.61414,55,3909.48893757
p_7782,32.71547,-96.61415,56,3998.21342154
p_7782,32.71468,-96.61414,57,4085.82896304
p_7782,32.713,-96.61414,58,4272.13991701
p_7782,32.71229,-96.61415,59,4350.884041470001
p_7782,32.71149,-96.61416,60,4439.608469490001
p_7782,32.711218166404,-96.614166498184,61,4469.760789780001
p_7782,32.711210267519,-96.61409676075,62,4476.357544820001
p_7782,32.711169644674,-96.614049822092,63,4482.655363440001
p_7782,32.711094040995,-96.614000201225,64,4492.24399436
p_7782,32.711085577893,-96.613997519016,65,4493.21565276
p_7782,32.711029721397,-96.613930463791,66,4502.04152084
p_7782,32.71102295091,-96.613113731146,67,4578.61933335
p_7782,32.711069215892,-96.613056063652,68,4586.073001829999
p_7782,32.711306182499,-96.613058745861,69,4612.353643049999
p_7782,32.711337777998,-96.61314457655,70,4621.130569899999
p_7782,32.71134116323,-96.613934487104,71,4695.190644259998
p_7782,32.711148204831,-96.614171862602,72,4726.064935149999
p_7782,32.7107,-96.61418,73,4775.776403539999
p_7782,32.71067,-96.6193,74,5255.823900579999
p_7782,32.71069,-96.61941,75,5266.372979709999
p_7782,32.71075,-96.61955,76,5281.089177689999
p_7782,32.71039,-96.61982,77,5328.3620720499985
p_7782,32.7103,-96.61987,78,5339.389095549998
p_7782,32.71024,-96.61987,79,5346.043054399998
p_7782,32.70928,-96.61985,80,5452.522899799998
p_7782,32.70914,-96.61985,81,5468.048801149998
p_7782,32.70899,-96.61987,82,5484.7890512899985
p_7782,32.70896,-96.61988,83,5488.245618809999
p_7782,32.70894,-96.61991,84,5491.827672569999
p_7782,32.70892,-96.61998,85,5498.755443379999
p_7782,32.70891,-96.6201,86,5510.0610319299985
p_7782,32.70893,-96.62059,87,5556.056387699999
p_7782,32.70891,-96.62094,88,5588.946863299999
p_7782,32.7089,-96.62105,89,5599.319793669999
p_7782,32.70886,-96.62116,90,5610.546802279999
p_7782,32.7088,-96.62125,91,5621.292972339998
p_7782,32.70863,-96.62142,92,5645.980705669998
p_7782,32.70772,-96.62196,93,5758.8874373399985
p_7782,32.70709,-96.62231,94,5836.077029689998
p_7782,32.70653,-96.62256,95,5902.457004689998
p_7782,32.70625,-96.62268,96,5935.484374869998
p_7782,32.70607,-96.62272,97,5955.795505309998
p_7782,32.70582,-96.62276,98,5983.772838109998
p_7782,32.70537,-96.62277,99,6033.686299619998
p_7782,32.70486,-96.62276,100,6090.252674739998
p_7782,32.70486,-96.62344,101,6154.011594509998
p_7782,32.70487,-96.6235,102,6159.745645429998
p_7782,32.70492,-96.62499,103,6299.562631939998
p_7782,32.70497,-96.62742,104,6527.474253859998
p_7782,32.70497,-96.62886,105,6662.492977129998
p_7782,32.705,-96.63107,106,6869.735884029998
p_7782,32.705,-96.6313,107,6891.301367339997
p_7782,32.70489,-96.6313,108,6903.500281519998
p_7782,32.70458,-96.63129,109,6937.891822449998
p_7782,32.70347,-96.6313,110,7060.993509349997
p_7782,32.70203,-96.63135,111,7220.757133389997
p_7782,32.70029,-96.63137,112,7413.7307718899965
p_7782,32.69951,-96.63137,113,7500.232093689997
p_7782,32.69951,-96.63284,114,7638.072100259997
p_7782,32.69952,-96.63284,115,7639.181091499997
p_7782,32.69952,-96.63342,116,7693.566938369997
p_7782,32.69953,-96.6342,117,7766.714928609997
p_7782,32.69952,-96.63554,118,7892.369875509997
p_7782,32.69953,-96.63571,119,7908.3490835099965
p_7782,32.69954,-96.63671,120,8002.124327039996
p_7782,32.69954,-96.63674,121,8004.937387459996
p_7782,32.69952,-96.6368,122,8010.984923239996
p_7782,32.69953,-96.63693,123,8023.2251955999955
p_7782,32.69954,-96.63698,124,8028.043003989996
p_7782,32.69954,-96.63705,125,8034.606811629996
p_7782,32.69955,-96.63733,126,8060.885451559996
p_7782,32.69956,-96.63942,127,8256.865098949997
p_7782,32.69958,-96.64055,128,8362.846884029996
p_7782,32.69958,-96.64062,129,8369.410688739996
p_7782,32.69959,-96.64466,130,8748.237591429996
p_7782,32.6996,-96.64615,131,8887.957241049995
p_7782,32.69959,-96.64625,132,8897.399455209996
p_7782,32.69957,-96.6466,133,8930.293341489996
p_7782,32.69953,-96.64673,134,8943.265315439996
p_7782,32.69986,-96.64748,135,9022.544066009996
p_7782,32.70009,-96.64804,136,9080.921447239996
p_7782,32.70022,-96.64838,137,9115.910778069996
p_7782,32.70028,-96.64856,138,9134.053259609997
p_7782,32.70036,-96.6487,139,9149.897578629996
p_7782,32.70044,-96.649,140,9179.393796609997
p_7782,32.7005,-96.64923,141,9201.963512939996
p_7782,32.70062,-96.64977,142,9254.317632979995
p_7782,32.70074,-96.65017,143,9294.115557999996
p_7782,32.70104,-96.65111,144,9388.326771829996
p_7782,32.70114,-96.65142,145,9419.438225489996
p_7782,32.7013,-96.65196,146,9473.091377789995
p_7782,32.70148,-96.65258,147,9534.558426619995
p_7782,32.70161,-96.65307,148,9582.712837649995
p_7782,32.7017,-96.65344,149,9618.813589519996
p_7782,32.70176,-96.65367,150,9641.383016669995
p_7782,32.70185,-96.65401,151,9674.789424439996
p_7782,32.70188,-96.65412,152,9685.627011239996
p_7782,32.70193,-96.65427,153,9700.745504889996
p_7782,32.70202,-96.65453,154,9727.088701549996
p_7782,32.70216,-96.65491,155,9765.955490819995
p_7782,32.70248,-96.65573,156,9850.638038099994
p_7782,32.70255,-96.65592,157,9870.071355529995
p_7782,32.70261,-96.65615,158,9892.640587589995
p_7782,32.70272,-96.65656,159,9932.973460489995
p_7782,32.70285,-96.6571,160,9985.619194859995
p_7782,32.7031,-96.65812,161,10085.197046799994
p_7782,32.70318,-96.65857,162,10128.313897059994
p_7782,32.70328,-96.6592,163,10188.417709959995
p_7782,32.70347,-96.6605,164,10312.119549919995
p_7782,32.70356,-96.66106,165,10365.567870609995
p_7782,32.70362,-96.66142,166,10399.972646819995
p_7782,32.70367,-96.66164,167,10421.333072499996
p_7782,32.70382,-96.6624,168,10494.509767779997
p_7782,32.70404,-96.66325,169,10577.859994989996
p_7782,32.70415,-96.66366,170,10618.192284319995
p_7782,32.70434,-96.66433,171,10684.453503279996
p_7782,32.70441,-96.66459,172,10710.038198679997
p_7782,32.70447,-96.6649,173,10739.856788219997
p_7782,32.70449,-96.66502,174,10751.324937429998
p_7782,32.70452,-96.66523,175,10771.294363299998
p_7782,32.70455,-96.66548,176,10794.970150319998
p_7782,32.70457,-96.66564,177,10810.135371319997
p_7782,32.70458,-96.66571,178,10816.791841559996
p_7782,32.70468,-96.66651,179,10892.617888619996
p_7782,32.70468,-96.66657,180,10898.243686949996
p_7782,32.70471,-96.66681,181,10920.991484929997
p_7782,32.70472,-96.66685,182,10924.902539079996
p_7782,32.70473,-96.66693,183,10932.485135929996
p_7782,32.70474,-96.66698,184,10937.302679939996
p_7782,32.70477,-96.66711,185,10949.937783629995
p_7782,32.70479,-96.66719,186,10957.759886719996
p_7782,32.70484,-96.66734,187,10972.877956649996
p_7782,32.70494,-96.66758,188,10997.965357979996
p_7782,32.70501,-96.66773,189,11014.029979449995
p_7782,32.70527,-96.66827,190,11072.296434309996
p_7782,32.70538,-96.66854,191,11100.398193029996
p_7782,32.70546,-96.66885,192,11130.788421969995
p_7782,32.70555,-96.66923,193,11167.789726169995
p_7782,32.70559,-96.66953,194,11196.266072249995
p_7782,32.70561,-96.66961,195,11204.088109639995
p_7782,32.70592,-96.67117,196,11354.342945629995
p_7782,32.70601,-96.67143,197,11380.685140689995
p_7782,32.70608,-96.67162,198,11400.117816859994
p_7782,32.70621,-96.67195,199,11434.253082559995
p_7782,32.70636,-96.67226,200,11467.742750719995
p_7782,32.70647,-96.67248,201,11491.707485009996
p_7782,32.70658,-96.67267,202,11513.298588379996
p_7782,32.70675,-96.67295,203,11545.619763919996
p_7782,32.70688,-96.67315,204,11569.273360669997
p_7782,32.70795,-96.67472,205,11758.349293639996
p_7782,32.70819,-96.67506,206,11799.877951009996
p_7782,32.70854,-96.67557,207,11861.465943309995
p_7782,32.70923,-96.67659,208,11983.945602049995
p_7782,32.70946,-96.67695,209,12026.252411019994
p_7782,32.70964,-96.67729,210,12063.864510869993
p_7782,32.70985,-96.6777,211,12108.809639049992
p_7782,32.70994,-96.67789,212,12129.229174279992
p_7782,32.71002,-96.67802,213,12144.304689449991
p_7782,32.71009,-96.67814,214,12157.97387621999
p_7782,32.71019,-96.6783,215,12176.62925161999
p_7782,32.71092,-96.67937,216,12305.54042388999
p_7782,32.71209,-96.68109,217,12512.52018866999
p_7782,32.71216,-96.68118,218,12523.985931009991
p_7782,32.71244,-96.68161,219,12574.873041829991
p_7782,32.7127,-96.68198,220,12619.98115922999
p_7782,32.71292,-96.6823,221,12658.65088549999
p_7782,32.7132,-96.68272,222,12708.79823289999
p_7782,32.71331,-96.68288,223,12728.13303879999
p_7782,32.7134,-96.68292,224,12738.79526166999
p_7782,32.71345,-96.68295,225,12745.01277996999
p_7782,32.71351,-96.68297,226,12751.92589404999
p_7782,32.71364,-96.683,227,12766.61460975999
p_7782,32.71377,-96.68296,228,12781.511294159991
p_7782,32.71393,-96.68294,229,12799.353993089991
p_7782,32.7141,-96.68293,230,12818.230184719992
p_7782,32.71467,-96.68293,231,12881.442835319993
p_7782,32.71479,-96.68292,232,12894.783745499994
p_7782,32.71581,-96.68292,233,13007.901136779994
p_7782,32.71665,-96.68291,234,13101.061366739994
p_7782,32.71688,-96.68291,235,13126.568235449993
p_7782,32.71722,-96.68292,236,13164.285696159994
p_7782,32.71792,-96.68292,237,13241.915306559993
p_7782,32.71792,-96.68306,238,13255.040230489993
p_7782,32.71791,-96.68351,239,13297.242062139992
p_7782,32.71806,-96.68351,240,13313.876979759993
p_7782,32.71806,-96.6837,241,13331.689348699992
p_7782,32.718185,-96.683855,242,13351.772197999993
p_7782,32.718746613726,-96.684665679932,243,13450.032979969994
p_7782,32.718879755008,-96.684815883636,244,13470.436389619994
p_7782,32.719238558488,-96.684807837009,245,13510.234655199994
p_7782,32.719254354835,-96.68488830328,246,13517.978948989994
p_7782,32.71924081511,-96.684990227222,247,13527.651382569995
p_7782,32.718883139953,-96.685003638268,248,13567.337288099994
p_7782,32.71875902521,-96.684940606356,249,13582.316368439993
p_7782,32.718766923426,-96.684939265251,250,13583.201253679994
p_7782,32.717904885431,-96.683769822121,251,13728.662313009994
p_7782,32.717873292257,-96.683659851551,252,13739.551081169995
p_7782,32.717904885431,-96.683042943478,253,13797.491927599995
p_7782,32.71699,-96.68306,254,13898.964810699994
p_7782,32.71683,-96.68306,255,13916.708719779994
p_7782,32.71616,-96.68305,256,13991.017248369993
p_7782,32.71459,-96.68305,257,14165.129313509993
p_7782,32.7143,-96.68306,258,14197.303798289993
p_7782,32.71416,-96.68306,259,14212.829712089993
p_7782,32.71384,-96.68311,260,14248.625778779993
p_7782,32.71361,-96.68318,261,14274.963387989994
p_7782,32.71354,-96.68321,262,14283.220162109994
p_7782,32.71345,-96.68326,263,14294.247120119993
p_7782,32.71335,-96.68332,264,14306.682157379993
p_7782,32.71334,-96.68332,265,14307.791151069994
p_7782,32.71332,-96.68334,266,14310.695529199995
p_7782,32.71327,-96.68337,267,14316.913049239995
p_7782,32.71318,-96.68346,268,14329.982757089994
p_7782,32.71309,-96.68354,269,14342.467731049994
p_7782,32.713,-96.68363,270,14355.537449619993
p_7782,32.71292,-96.68349,271,14371.380245309992
p_7782,32.71272,-96.68323,272,14404.337006049993
p_7782,32.71265,-96.68311,273,14418.005922959992
p_7782,32.7126,-96.68303,274,14427.333444759992
p_7782,32.71248,-96.68284,275,14449.569010329991
p_7782,32.7123,-96.6826,276,14479.64862793999
p_7782,32.7121,-96.6823,277,14515.46837181999
p_7782,32.71203,-96.68219,278,14528.37665512999
p_7782,32.71188,-96.68198,279,14554.15192840999
p_7782,32.70958,-96.67858,280,14962.41238137999
p_7782,32.70947,-96.6784,281,14983.23615144999
p_7782,32.70934,-96.67817,282,15009.17592071999
p_7782,32.709,-96.67749,283,15083.24705774999
p_7782,32.70892,-96.67735,284,15099.09033554999
p_7782,32.70887,-96.67726,285,15109.18744160999
p_7782,32.70879,-96.67712,286,15125.03073507999
p_7782,32.70865,-96.67691,287,15150.10515067999
p_7782,32.7085,-96.67669,288,15176.604095219991
p_7782,32.70837,-96.6765,289,15199.52124677999
p_7782,32.70801,-96.67597,290,15263.26495335999
p_7782,32.70671,-96.6741,291,15490.258503559991
p_7782,32.70586,-96.67281,292,15643.605417399991
p_7782,32.70558,-96.6723,293,15700.62159425999
p_7782,32.70544,-96.67202,294,15731.12239214999
p_7782,32.70521,-96.67142,295,15792.89223207999
p_7782,32.70501,-96.67076,296,15858.63043408999
p_7782,32.70483,-96.67002,297,15930.82951254999
p_7782,32.70447,-96.6685,298,16078.83603661999
p_7782,32.7044,-96.6682,299,16108.016643329991
p_7782,32.70426,-96.66763,300,16163.67140556999
p_7782,32.70422,-96.66735,301,16190.29738320999
p_7782,32.70417,-96.66689,302,16233.78370601999
p_7782,32.70416,-96.6667,303,16251.63332040999
p_7782,32.70413,-96.66646,304,16274.38125490999
p_7782,32.70404,-96.66588,305,16329.67264770999
p_7782,32.70401,-96.66575,306,16342.307847039989
p_7782,32.70398,-96.66565,307,16352.25700217999
p_7782,32.70394,-96.66548,308,16368.802633159989
p_7782,32.70388,-96.66527,309,16389.586988389987
p_7782,32.70382,-96.66503,310,16413.053521229987
p_7782,32.70378,-96.66489,311,16426.90977327999
p_7782,32.70367,-96.66441,312,16473.54057255999
p_7782,32.70341,-96.66334,313,16577.929736729988
p_7782,32.70322,-96.66256,314,16654.04101704999
p_7782,32.70292,-96.66134,315,16773.17413900999
p_7782,32.7025,-96.6596,316,16942.844310479988
p_7782,32.70239,-96.65915,317,16986.766884779987
p_7782,32.70235,-96.659,318,17001.514699489988
p_7782,32.70227,-96.65863,319,17037.324461519987
p_7782,32.70198,-96.65746,320,17151.647527269986
p_7782,32.70189,-96.65711,321,17185.949868269985
p_7782,32.70182,-96.65682,322,17214.228479219986
p_7782,32.70165,-96.65609,323,17285.226781959987
p_7782,32.70154,-96.65565,324,17328.24975258999
p_7782,32.7013,-96.65461,325,17429.33407746999
p_7782,32.70113,-96.65392,326,17496.72409315999
p_7782,32.70093,-96.65317,327,17570.46416758999
p_7782,32.70074,-96.65248,328,17638.508268879992
p_7782,32.70058,-96.65192,329,17693.935016269992
p_7782,32.7003,-96.65101,330,17784.73803964999
p_7782,32.70018,-96.65066,331,17820.15233844999
p_7782,32.70015,-96.6505,332,17835.51968351999
p_7782,32.69992,-96.64993,333,17894.741890969988
p_7782,32.69957,-96.64898,334,17991.91099393999
p_7782,32.69947,-96.64873,335,18017.84401810999
p_7782,32.69943,-96.6486,336,18030.81600481999
p_7782,32.69957,-96.64859,337,18046.37017218999
p_7782,32.69973,-96.64858,338,18064.13879138999
p_7782,32.69975,-96.64858,339,18066.356773939988
p_7782,32.69991,-96.64856,340,18084.199464189987
p_7782,32.70028,-96.64856,341,18125.23214374999
p_7782,32.70022,-96.64838,342,18143.374625289987
p_7782,32.70009,-96.64804,343,18178.36395611999
p_7782,32.69986,-96.64748,344,18236.741337349988
p_7782,32.69953,-96.64673,345,18316.020087919987
p_7782,32.69957,-96.6466,346,18328.992061869987
p_7782,32.69959,-96.64625,347,18361.885948149986
p_7782,32.6996,-96.64615,348,18371.328162309987
p_7782,32.69959,-96.64466,349,18511.047811929988
p_7782,32.69958,-96.64062,350,18889.87471461999
p_7782,32.69958,-96.64055,351,18896.43851932999
p_7782,32.69956,-96.63942,352,19002.42030440999
p_7782,32.69955,-96.63733,353,19198.399951799987
p_7782,32.69954,-96.63705,354,19224.678591729986
p_7782,32.69954,-96.63698,355,19231.242399369985
p_7782,32.69953,-96.63693,356,19236.060207759983
p_7782,32.69952,-96.6368,357,19248.300480119982
p_7782,32.69954,-96.63674,358,19254.34801589998
p_7782,32.69954,-96.63671,359,19257.161076319982
p_7782,32.69953,-96.63571,360,19350.93631984998
p_7782,32.69952,-96.63554,361,19366.915527849982
p_7782,32.69953,-96.6342,362,19492.57047474998
p_7782,32.69952,-96.63342,363,19565.71846498998
p_7782,32.69952,-96.63284,364,19620.104311859977
p_7782,32.69951,-96.63285,365,19621.556592339977
p_7782,32.69951,-96.63137,366,19760.334286029978
p_7782,32.70029,-96.63137,367,19846.835607829977
p_7782,32.70203,-96.63135,368,20039.809246329976
p_7782,32.70347,-96.6313,369,20199.572870369975
p_7782,32.70458,-96.63129,370,20322.674557269977
p_7782,32.70489,-96.6313,371,20357.066098199975
p_7782,32.70489,-96.63104,372,20381.444500539976
p_7782,32.70487,-96.62886,373,20585.860084009975
p_7782,32.70488,-96.62745,374,20718.070708529976
p_7782,32.70484,-96.62505,375,20943.145908189977
p_7782,32.7048,-96.62412,376,21030.458405159978
p_7782,32.70477,-96.62351,377,21087.750635389977
p_7782,32.70475,-96.62312,378,21124.385495279977
p_7782,32.70474,-96.62277,379,21157.221361219978
p_7782,32.70479,-96.62276,380,21162.84503836998
p_7782,32.70486,-96.62276,381,21170.607983609978
p_7782,32.70537,-96.62277,382,21227.17435872998
p_7782,32.70582,-96.62276,383,21277.08782023998
p_7782,32.70607,-96.62272,384,21305.06515303998
p_7782,32.70625,-96.62268,385,21325.37628347998
p_7782,32.70653,-96.62256,386,21358.40365365998
p_7782,32.70709,-96.62231,387,21424.78362865998
p_7782,32.70772,-96.62196,388,21501.973221009983
p_7782,32.70863,-96.62142,389,21614.87995267998
p_7782,32.7088,-96.62125,390,21639.56768600998
p_7782,32.70886,-96.62116,391,21650.31385606998
p_7782,32.7089,-96.62105,392,21661.54086467998
p_7782,32.70891,-96.62094,393,21671.91379504998
p_7782,32.70893,-96.62059,394,21704.80427064998
p_7782,32.70891,-96.6201,395,21750.79962641998
p_7782,32.70892,-96.61998,396,21762.10521496998
p_7782,32.70894,-96.61991,397,21769.03298577998
p_7782,32.70896,-96.61988,398,21772.61503953998
p_7782,32.70899,-96.61987,399,21776.07160705998
p_7782,32.70914,-96.61985,400,21792.81185719998
p_7782,32.70928,-96.61985,401,21808.33775854998
p_7782,32.71024,-96.61987,402,21914.81760394998
p_7782,32.7103,-96.61987,403,21921.471562799983
p_7782,32.71039,-96.61982,404,21932.498586299982
p_7782,32.71075,-96.61955,405,21979.771480659983
p_7782,32.71069,-96.61941,406,21994.487678639984
p_7782,32.71067,-96.6193,407,22005.036757769984
p_7782,32.7107,-96.61418,408,22485.084254809983
p_7782,32.71105,-96.61417,409,22523.910340309983
p_7782,32.71149,-96.61416,410,22572.715052699983
p_7782,32.71229,-96.61415,411,22661.439480719982
p_7782,32.713,-96.61414,412,22740.183605179984
p_7782,32.71468,-96.61414,413,22926.494559149985
p_7782,32.71547,-96.61415,414,23014.110100649985
p_7782,32.71627,-96.61414,415,23102.834584619985
p_7782,32.71803,-96.61414,416,23298.017591959986
p_7782,32.71859,-96.61411,417,23360.184938779985
p_7782,32.71907,-96.61408,418,23413.490927429986
p_7782,32.71942,-96.61407,419,23452.317062679987
p_7782,32.71945,-96.61448,420,23490.897409359986
p_7782,32.71945,-96.61492,421,23532.146465989987
p_7782,32.71942,-96.61525,422,23563.261643539987
p_7782,32.71935,-96.61579,423,23614.477273179986
p_7782,32.71935,-96.61727,424,23753.224254889985
p_7782,32.7194,-96.61736,425,23763.320541499987
p_7782,32.71942,-96.61748,426,23774.786853099988
p_7782,32.71943,-96.61781,427,23805.743524949987
p_7782,32.71952,-96.61793,428,23820.782675929986
p_7782,32.71964,-96.61806,429,23838.827872839986
p_7782,32.71999,-96.61789,430,23880.787143589987
p_7782,32.72013,-96.61781,431,23898.02956538999
p_7782,32.72023,-96.61774,432,23910.915631619988
p_7782,32.72031,-96.61765,433,23923.15893627999
p_7782,32.72037,-96.61756,434,23933.90426301999
p_7782,32.72056,-96.6172,435,23973.69078827999
p_7782,32.72059,-96.61713,436,23981.04824596999
p_7782,32.72067,-96.61705,437,23992.66537197999
p_7782,32.72081,-96.61693,438,24011.83846686999
p_7782,32.72238,-96.61635,439,24194.24305919999
p_7782,32.72349,-96.61594,440,24323.20234183999
p_7782,32.72372,-96.61585,441,24350.06836723999
p_7782,32.72395,-96.61579,442,24376.18805141999
p_7782,32.72472,-96.6158,443,24461.58586042999
p_7782,32.72472,-96.61636,444,24514.08157194999
p_7782,32.72472,-96.6193,445,24789.68405744999
p_7782,32.72478,-96.62123,446,24970.729035539993
p_7782,32.72477,-96.62264,447,25102.910308919993
p_7782,32.72611,-96.62264,448,25251.515749899994
p_7782,32.72716,-96.62262,449,25367.975425699995
p_7782,32.72725,-96.62262,450,25377.956390969994
p_7782,32.72851,-96.62261,451,25517.693063959992
p_7782,32.72883,-96.62262,452,25553.19332668999
p_7782,32.72963,-96.62261,453,25641.91799848999
p_7782,32.73034,-96.6226,454,25720.66233884999
p_7782,32.73091,-96.62259,455,25783.88210293999
p_7782,32.73127,-96.6226,456,25823.816991179992
p_7782,32.73182,-96.62259,457,25884.819023269993
p_7782,32.73313,-96.62259,458,26030.09764002999
p_7782,32.73325,-96.62259,459,26043.405606439992
p_7782,32.73394,-96.6226,460,26119.932158899992
p_7782,32.73395,-96.62071,461,26297.090410399993
p_7782,32.73394,-96.62013,462,26351.46667955999
p_7782,32.73393,-96.6197,463,26391.78699409999
p_7782,32.73392,-96.61941,464,26418.992092849992
p_7782,32.73392,-96.61779,465,26570.839089819994
p_7782,32.73391,-96.61723,466,26623.341126639993
p_7782,32.73391,-96.61497,467,26835.177084339994
